39 39
1 3.000000 2 2.000000 3 1.000000 9 1.000000 25 1.000000 30 1.000000 39 2.000000 -1
1 2.000000 2 5.000000 3 2.000000 4 1.000000 18 1.000000 25 2.000000 26 1.000000 30 2.000000 37 1.000000 39 1.000000 -1
1 1.000000 2 2.000000 3 4.000000 4 3.000000 14 1.000000 17 1.000000 18 3.000000 25 1.000000 30 1.000000 -1
2 1.000000 3 3.000000 4 4.000000 13 1.000000 14 2.000000 15 1.000000 17 1.000000 18 3.000000 -1
5 3.000000 6 2.000000 7 2.000000 8 2.000000 9 1.000000 11 1.000000 31 1.000000 -1
5 2.000000 6 5.000000 7 2.000000 8 2.000000 10 1.000000 11 2.000000 12 1.000000 31 2.000000 -1
5 2.000000 6 2.000000 7 3.000000 8 2.000000 9 1.000000 11 1.000000 31 1.000000 -1
5 2.000000 6 2.000000 7 2.000000 8 4.000000 9 2.000000 39 1.000000 -1
1 1.000000 5 1.000000 7 1.000000 8 2.000000 9 3.000000 39 2.000000 -1
6 1.000000 10 4.000000 11 2.000000 12 2.000000 13 2.000000 14 1.000000 32 2.000000 -1
5 1.000000 6 2.000000 7 1.000000 10 2.000000 11 4.000000 12 2.000000 13 2.000000 31 1.000000 32 1.000000 -1
6 1.000000 10 2.000000 11 2.000000 12 3.000000 13 2.000000 14 1.000000 -1
4 1.000000 10 2.000000 11 2.000000 12 2.000000 13 4.000000 14 2.000000 15 1.000000 32 1.000000 -1
3 1.000000 4 2.000000 10 1.000000 12 1.000000 13 2.000000 14 4.000000 15 2.000000 16 1.000000 18 1.000000 -1
4 1.000000 13 1.000000 14 2.000000 15 3.000000 16 2.000000 17 1.000000 19 1.000000 21 1.000000 24 1.000000 -1
14 1.000000 15 2.000000 16 6.000000 17 2.000000 18 1.000000 19 2.000000 20 1.000000 21 2.000000 22 1.000000 23 1.000000 24 2.000000 27 1.000000 33 1.000000 -1
3 1.000000 4 1.000000 15 1.000000 16 2.000000 17 4.000000 18 2.000000 19 1.000000 21 1.000000 24 1.000000 26 1.000000 27 2.000000 -1
2 1.000000 3 3.000000 4 3.000000 14 1.000000 16 1.000000 17 2.000000 18 4.000000 27 1.000000 -1
15 1.000000 16 2.000000 17 1.000000 19 4.000000 20 2.000000 21 1.000000 24 1.000000 33 2.000000 34 1.000000 -1
16 1.000000 19 2.000000 20 3.000000 33 1.000000 34 2.000000 -1
15 1.000000 16 2.000000 17 1.000000 19 1.000000 21 3.000000 22 2.000000 23 1.000000 24 1.000000 35 1.000000 -1
16 1.000000 21 2.000000 22 4.000000 23 2.000000 24 1.000000 35 2.000000 36 1.000000 -1
16 1.000000 21 1.000000 22 2.000000 23 4.000000 24 2.000000 35 1.000000 36 2.000000 -1
15 1.000000 16 2.000000 17 1.000000 19 1.000000 21 1.000000 22 1.000000 23 2.000000 24 3.000000 36 1.000000 -1
1 1.000000 2 2.000000 3 1.000000 25 4.000000 26 2.000000 27 1.000000 28 1.000000 29 1.000000 30 1.000000 37 2.000000 -1
2 1.000000 17 1.000000 25 2.000000 26 5.000000 27 2.000000 28 3.000000 29 3.000000 37 1.000000 38 1.000000 -1
16 1.000000 17 2.000000 18 1.000000 25 1.000000 26 2.000000 27 3.000000 28 1.000000 29 1.000000 -1
25 1.000000 26 3.000000 27 1.000000 28 3.000000 29 3.000000 38 1.000000 -1
25 1.000000 26 3.000000 27 1.000000 28 3.000000 29 4.000000 38 2.000000 -1
1 1.000000 2 2.000000 3 1.000000 25 1.000000 30 2.000000 -1
5 1.000000 6 2.000000 7 1.000000 11 1.000000 31 2.000000 -1
10 2.000000 11 1.000000 13 1.000000 32 2.000000 -1
16 1.000000 19 2.000000 20 1.000000 33 2.000000 -1
19 1.000000 20 2.000000 34 2.000000 -1
21 1.000000 22 2.000000 23 1.000000 35 2.000000 -1
22 1.000000 23 2.000000 24 1.000000 36 2.000000 -1
2 1.000000 25 2.000000 26 1.000000 37 2.000000 -1
26 1.000000 28 1.000000 29 2.000000 38 2.000000 -1
1 2.000000 2 1.000000 8 1.000000 9 2.000000 39 3.000000 -1
