49 49
1 2.000000 2 2.000000 3 1.000000 4 1.000000 -1
1 2.000000 2 4.000000 3 2.000000 4 2.000000 30 1.000000 37 1.000000 -1
1 1.000000 2 2.000000 3 4.000000 4 1.000000 8 1.000000 18 2.000000 30 2.000000 32 1.000000 37 2.000000 38 1.000000 -1
1 1.000000 2 2.000000 3 1.000000 4 2.000000 -1
5 3.000000 20 1.000000 27 1.000000 28 3.000000 32 3.000000 33 1.000000 34 1.000000 35 1.000000 37 1.000000 -1
6 3.000000 12 1.000000 14 1.000000 15 2.000000 16 1.000000 32 1.000000 33 2.000000 36 1.000000 42 1.000000 -1
7 4.000000 8 1.000000 17 2.000000 20 2.000000 28 1.000000 31 1.000000 32 1.000000 34 2.000000 -1
3 1.000000 7 1.000000 8 3.000000 17 2.000000 18 1.000000 32 1.000000 37 2.000000 38 1.000000 -1
9 2.000000 10 1.000000 11 1.000000 14 2.000000 15 1.000000 41 1.000000 -1
9 1.000000 10 2.000000 11 1.000000 14 2.000000 15 1.000000 41 1.000000 -1
9 1.000000 10 1.000000 11 2.000000 14 2.000000 15 1.000000 41 1.000000 -1
6 1.000000 12 2.000000 14 1.000000 15 2.000000 16 1.000000 36 1.000000 -1
13 2.000000 15 1.000000 16 2.000000 22 1.000000 -1
6 1.000000 9 2.000000 10 2.000000 11 2.000000 12 1.000000 14 6.000000 15 2.000000 16 1.000000 36 1.000000 41 2.000000 42 1.000000 43 1.000000 -1
6 2.000000 9 1.000000 10 1.000000 11 1.000000 12 2.000000 13 1.000000 14 2.000000 15 6.000000 16 2.000000 22 1.000000 33 1.000000 35 1.000000 36 2.000000 41 1.000000 -1
6 1.000000 12 1.000000 13 2.000000 14 1.000000 15 2.000000 16 4.000000 22 2.000000 23 1.000000 36 1.000000 38 1.000000 45 1.000000 -1
7 2.000000 8 2.000000 17 3.000000 20 1.000000 34 1.000000 37 1.000000 -1
3 2.000000 8 1.000000 18 4.000000 19 2.000000 21 1.000000 30 2.000000 32 1.000000 37 2.000000 38 1.000000 -1
18 2.000000 19 3.000000 21 2.000000 30 1.000000 37 1.000000 45 1.000000 -1
5 1.000000 7 2.000000 17 1.000000 20 4.000000 27 1.000000 28 2.000000 31 2.000000 32 1.000000 34 1.000000 35 1.000000 -1
18 1.000000 19 2.000000 21 3.000000 22 1.000000 45 2.000000 46 1.000000 49 1.000000 -1
13 1.000000 15 1.000000 16 2.000000 21 1.000000 22 5.000000 23 3.000000 24 1.000000 25 1.000000 26 1.000000 37 1.000000 38 3.000000 45 2.000000 46 1.000000 49 2.000000 -1
16 1.000000 22 3.000000 23 7.000000 24 2.000000 25 2.000000 26 2.000000 37 1.000000 38 3.000000 39 1.000000 45 2.000000 46 1.000000 49 2.000000 -1
22 1.000000 23 2.000000 24 2.000000 25 1.000000 26 1.000000 38 1.000000 49 1.000000 -1
22 1.000000 23 2.000000 24 1.000000 25 2.000000 26 1.000000 38 1.000000 49 1.000000 -1
22 1.000000 23 2.000000 24 1.000000 25 1.000000 26 2.000000 38 1.000000 49 1.000000 -1
5 1.000000 20 1.000000 27 3.000000 28 2.000000 29 2.000000 32 1.000000 35 1.000000 -1
5 3.000000 7 1.000000 20 2.000000 27 2.000000 28 6.000000 29 1.000000 31 1.000000 32 3.000000 33 1.000000 34 1.000000 35 2.000000 36 1.000000 37 1.000000 -1
27 2.000000 28 1.000000 29 2.000000 -1
2 1.000000 3 2.000000 18 2.000000 19 1.000000 30 3.000000 37 2.000000 -1
7 1.000000 20 2.000000 28 1.000000 31 2.000000 -1
3 1.000000 5 3.000000 6 1.000000 7 1.000000 8 1.000000 18 1.000000 20 1.000000 27 1.000000 28 3.000000 32 6.000000 33 2.000000 34 2.000000 35 1.000000 37 2.000000 38 1.000000 42 1.000000 -1
5 1.000000 6 2.000000 15 1.000000 28 1.000000 32 2.000000 33 4.000000 34 1.000000 37 1.000000 41 1.000000 42 2.000000 44 1.000000 -1
5 1.000000 7 2.000000 17 1.000000 20 1.000000 28 1.000000 32 2.000000 33 1.000000 34 3.000000 37 1.000000 -1
5 1.000000 15 1.000000 20 1.000000 27 1.000000 28 2.000000 32 1.000000 35 3.000000 36 2.000000 -1
6 1.000000 12 1.000000 14 1.000000 15 2.000000 16 1.000000 28 1.000000 35 2.000000 36 3.000000 -1
2 1.000000 3 2.000000 5 1.000000 8 2.000000 17 1.000000 18 2.000000 19 1.000000 22 1.000000 23 1.000000 28 1.000000 30 2.000000 32 2.000000 33 1.000000 34 1.000000 37 6.000000 38 2.000000 -1
3 1.000000 8 1.000000 16 1.000000 18 1.000000 22 3.000000 23 3.000000 24 1.000000 25 1.000000 26 1.000000 32 1.000000 37 2.000000 38 4.000000 45 1.000000 49 1.000000 -1
23 1.000000 39 3.000000 40 2.000000 45 1.000000 46 1.000000 49 2.000000 -1
39 2.000000 40 2.000000 49 1.000000 -1
9 1.000000 10 1.000000 11 1.000000 14 2.000000 15 1.000000 33 1.000000 41 4.000000 42 2.000000 43 2.000000 44 1.000000 -1
6 1.000000 14 1.000000 32 1.000000 33 2.000000 41 2.000000 42 4.000000 43 1.000000 44 2.000000 -1
14 1.000000 41 2.000000 42 1.000000 43 2.000000 -1
33 1.000000 41 1.000000 42 2.000000 44 2.000000 -1
16 1.000000 19 1.000000 21 2.000000 22 2.000000 23 2.000000 38 1.000000 39 1.000000 45 5.000000 46 3.000000 47 1.000000 48 1.000000 49 3.000000 -1
21 1.000000 22 1.000000 23 1.000000 39 1.000000 45 3.000000 46 5.000000 47 2.000000 48 2.000000 49 3.000000 -1
45 1.000000 46 2.000000 47 2.000000 48 1.000000 49 1.000000 -1
45 1.000000 46 2.000000 47 1.000000 48 2.000000 49 1.000000 -1
21 1.000000 22 2.000000 23 2.000000 24 1.000000 25 1.000000 26 1.000000 38 1.000000 39 2.000000 40 1.000000 45 3.000000 46 3.000000 47 1.000000 48 1.000000 49 5.000000 -1
