443 443
1 3.000000 77 1.000000 79 2.000000 164 1.000000 281 3.000000 351 1.000000 352 1.000000 353 3.000000 388 1.000000 -1
2 4.000000 3 2.000000 4 1.000000 5 1.000000 88 1.000000 188 1.000000 259 1.000000 283 1.000000 284 1.000000 286 1.000000 390 1.000000 435 2.000000 436 1.000000 437 2.000000 -1
2 2.000000 3 4.000000 4 2.000000 5 2.000000 435 1.000000 437 1.000000 -1
2 1.000000 3 2.000000 4 2.000000 5 1.000000 -1
2 1.000000 3 2.000000 4 1.000000 5 2.000000 -1
6 2.000000 7 1.000000 10 2.000000 20 1.000000 214 1.000000 -1
6 1.000000 7 2.000000 10 2.000000 20 1.000000 214 1.000000 -1
8 2.000000 9 2.000000 20 1.000000 39 1.000000 -1
8 2.000000 9 4.000000 10 1.000000 20 2.000000 39 2.000000 71 1.000000 93 1.000000 185 1.000000 214 1.000000 256 1.000000 -1
6 2.000000 7 2.000000 9 1.000000 10 5.000000 20 2.000000 39 1.000000 84 1.000000 93 1.000000 185 1.000000 193 1.000000 214 2.000000 309 1.000000 432 1.000000 -1
11 3.000000 44 1.000000 104 1.000000 107 1.000000 108 2.000000 109 1.000000 328 1.000000 350 2.000000 434 2.000000 -1
12 3.000000 30 1.000000 177 2.000000 178 1.000000 179 1.000000 188 1.000000 227 1.000000 259 2.000000 267 1.000000 329 1.000000 338 1.000000 349 1.000000 437 1.000000 -1
13 3.000000 26 1.000000 121 1.000000 202 2.000000 268 1.000000 272 1.000000 309 1.000000 364 1.000000 424 1.000000 428 2.000000 429 1.000000 -1
14 2.000000 15 1.000000 16 2.000000 266 1.000000 300 1.000000 -1
14 1.000000 15 4.000000 16 2.000000 52 2.000000 65 1.000000 137 1.000000 266 1.000000 300 1.000000 301 2.000000 -1
14 2.000000 15 2.000000 16 5.000000 23 1.000000 52 1.000000 76 1.000000 265 1.000000 266 2.000000 300 2.000000 301 1.000000 -1
17 3.000000 28 2.000000 108 1.000000 201 1.000000 241 1.000000 244 1.000000 308 1.000000 350 1.000000 434 2.000000 441 1.000000 -1
18 2.000000 35 1.000000 186 1.000000 206 2.000000 349 1.000000 -1
19 3.000000 84 1.000000 202 1.000000 230 1.000000 268 3.000000 272 3.000000 314 1.000000 394 1.000000 428 1.000000 -1
6 1.000000 7 1.000000 8 1.000000 9 2.000000 10 2.000000 20 5.000000 39 1.000000 71 1.000000 93 2.000000 157 1.000000 171 1.000000 185 2.000000 214 1.000000 427 1.000000 -1
21 3.000000 32 2.000000 33 1.000000 194 1.000000 229 1.000000 253 1.000000 283 1.000000 284 1.000000 289 2.000000 290 1.000000 291 1.000000 -1
22 3.000000 23 2.000000 24 1.000000 205 1.000000 266 1.000000 400 2.000000 -1
16 1.000000 22 2.000000 23 4.000000 24 2.000000 265 1.000000 266 2.000000 400 1.000000 415 1.000000 -1
22 1.000000 23 2.000000 24 3.000000 126 1.000000 266 1.000000 354 1.000000 415 2.000000 417 1.000000 418 1.000000 -1
25 2.000000 26 2.000000 202 1.000000 299 1.000000 364 1.000000 424 1.000000 -1
13 1.000000 25 2.000000 26 6.000000 202 4.000000 272 1.000000 299 3.000000 364 3.000000 424 4.000000 -1
27 5.000000 29 1.000000 51 1.000000 81 1.000000 90 1.000000 112 1.000000 140 3.000000 175 2.000000 242 1.000000 243 2.000000 269 1.000000 270 3.000000 271 1.000000 288 1.000000 -1
17 2.000000 28 6.000000 126 1.000000 141 1.000000 201 3.000000 241 2.000000 308 3.000000 434 1.000000 441 2.000000 -1
27 1.000000 29 3.000000 81 1.000000 112 2.000000 113 1.000000 114 1.000000 140 1.000000 175 1.000000 269 1.000000 270 2.000000 271 1.000000 -1
12 1.000000 30 4.000000 177 3.000000 178 1.000000 179 1.000000 227 1.000000 267 3.000000 283 1.000000 284 2.000000 289 1.000000 329 1.000000 338 1.000000 349 1.000000 435 1.000000 -1
31 3.000000 113 1.000000 115 2.000000 132 1.000000 186 1.000000 188 2.000000 190 1.000000 227 1.000000 259 1.000000 349 1.000000 390 1.000000 435 1.000000 -1
21 2.000000 32 3.000000 194 2.000000 289 1.000000 392 1.000000 412 1.000000 -1
21 1.000000 33 3.000000 170 1.000000 191 1.000000 229 1.000000 253 3.000000 254 1.000000 283 1.000000 284 1.000000 289 3.000000 290 1.000000 291 1.000000 -1
34 4.000000 83 1.000000 91 1.000000 111 2.000000 150 1.000000 152 1.000000 162 1.000000 163 2.000000 210 2.000000 211 1.000000 271 1.000000 -1
18 1.000000 35 3.000000 98 2.000000 186 1.000000 206 2.000000 349 1.000000 -1
36 3.000000 57 1.000000 94 2.000000 323 1.000000 349 1.000000 431 2.000000 -1
37 6.000000 38 2.000000 133 3.000000 134 1.000000 135 1.000000 262 1.000000 306 5.000000 307 1.000000 381 2.000000 382 1.000000 386 1.000000 387 3.000000 394 1.000000 395 3.000000 405 1.000000 420 1.000000 -1
37 2.000000 38 2.000000 133 1.000000 306 1.000000 387 1.000000 395 1.000000 -1
8 1.000000 9 2.000000 10 1.000000 20 1.000000 39 5.000000 71 2.000000 84 1.000000 93 1.000000 182 1.000000 193 2.000000 214 2.000000 221 1.000000 256 2.000000 309 1.000000 432 2.000000 -1
40 2.000000 333 1.000000 382 2.000000 383 1.000000 387 1.000000 -1
41 5.000000 100 1.000000 172 1.000000 220 2.000000 221 2.000000 222 2.000000 256 1.000000 264 1.000000 317 3.000000 318 1.000000 319 1.000000 320 1.000000 331 1.000000 336 3.000000 337 1.000000 427 1.000000 430 2.000000 432 1.000000 -1
42 2.000000 43 2.000000 44 1.000000 184 1.000000 -1
42 2.000000 43 4.000000 44 2.000000 45 1.000000 53 1.000000 108 1.000000 184 2.000000 290 1.000000 291 1.000000 -1
11 1.000000 42 1.000000 43 2.000000 44 6.000000 45 2.000000 46 1.000000 47 1.000000 48 1.000000 49 1.000000 66 1.000000 104 1.000000 107 1.000000 108 2.000000 109 1.000000 184 1.000000 289 2.000000 290 2.000000 291 2.000000 328 1.000000 339 1.000000 434 1.000000 -1
43 1.000000 44 2.000000 45 8.000000 46 2.000000 47 2.000000 48 2.000000 49 2.000000 62 1.000000 63 1.000000 64 1.000000 66 3.000000 108 1.000000 290 1.000000 291 1.000000 325 1.000000 338 1.000000 339 3.000000 363 1.000000 -1
44 1.000000 45 2.000000 46 2.000000 47 1.000000 48 1.000000 49 1.000000 66 1.000000 339 1.000000 -1
44 1.000000 45 2.000000 46 1.000000 47 2.000000 48 1.000000 49 1.000000 66 1.000000 339 1.000000 -1
44 1.000000 45 2.000000 46 1.000000 47 1.000000 48 2.000000 49 1.000000 66 1.000000 339 1.000000 -1
44 1.000000 45 2.000000 46 1.000000 47 1.000000 48 1.000000 49 2.000000 66 1.000000 339 1.000000 -1
50 4.000000 51 2.000000 78 1.000000 89 3.000000 90 1.000000 144 1.000000 161 1.000000 242 3.000000 243 2.000000 -1
27 1.000000 50 2.000000 51 4.000000 89 1.000000 90 2.000000 160 1.000000 161 2.000000 242 2.000000 243 2.000000 -1
15 2.000000 16 1.000000 52 3.000000 65 2.000000 245 1.000000 301 1.000000 -1
43 1.000000 53 3.000000 184 2.000000 423 2.000000 438 1.000000 -1
54 4.000000 55 2.000000 56 2.000000 176 2.000000 199 1.000000 -1
54 2.000000 55 2.000000 56 1.000000 176 1.000000 -1
54 2.000000 55 1.000000 56 2.000000 176 1.000000 -1
36 1.000000 57 3.000000 94 2.000000 323 1.000000 338 1.000000 348 1.000000 402 1.000000 403 2.000000 -1
58 4.000000 59 3.000000 60 2.000000 61 3.000000 85 1.000000 186 1.000000 216 1.000000 257 1.000000 280 1.000000 -1
58 3.000000 59 7.000000 60 1.000000 61 3.000000 85 2.000000 86 1.000000 186 2.000000 187 1.000000 188 1.000000 206 1.000000 216 1.000000 257 2.000000 280 2.000000 347 1.000000 408 1.000000 -1
58 2.000000 59 1.000000 60 2.000000 61 1.000000 -1
58 3.000000 59 3.000000 60 1.000000 61 4.000000 85 1.000000 186 1.000000 215 1.000000 216 2.000000 257 1.000000 280 1.000000 283 1.000000 401 1.000000 -1
45 1.000000 62 2.000000 63 1.000000 64 1.000000 66 2.000000 339 1.000000 363 1.000000 -1
45 1.000000 62 1.000000 63 2.000000 64 1.000000 66 2.000000 339 1.000000 363 1.000000 -1
45 1.000000 62 1.000000 63 1.000000 64 2.000000 66 2.000000 339 1.000000 363 1.000000 -1
15 1.000000 52 2.000000 65 3.000000 245 2.000000 408 1.000000 -1
44 1.000000 45 3.000000 46 1.000000 47 1.000000 48 1.000000 49 1.000000 62 2.000000 63 2.000000 64 2.000000 66 7.000000 325 1.000000 338 1.000000 339 3.000000 362 1.000000 363 2.000000 -1
67 4.000000 99 2.000000 123 1.000000 170 1.000000 191 2.000000 213 2.000000 253 1.000000 258 1.000000 273 1.000000 -1
68 2.000000 69 2.000000 136 1.000000 142 1.000000 211 1.000000 271 1.000000 -1
68 2.000000 69 6.000000 111 1.000000 132 1.000000 136 3.000000 142 2.000000 146 1.000000 207 1.000000 210 1.000000 211 2.000000 212 1.000000 270 1.000000 271 3.000000 298 1.000000 -1
70 3.000000 194 1.000000 286 2.000000 412 2.000000 435 1.000000 -1
9 1.000000 20 1.000000 39 2.000000 71 5.000000 93 2.000000 120 1.000000 143 1.000000 157 1.000000 171 1.000000 180 1.000000 182 2.000000 193 2.000000 214 2.000000 256 1.000000 302 1.000000 309 1.000000 -1
72 5.000000 73 2.000000 83 1.000000 100 2.000000 168 1.000000 169 2.000000 172 1.000000 221 1.000000 222 1.000000 250 1.000000 326 3.000000 430 3.000000 -1
72 2.000000 73 3.000000 169 1.000000 178 1.000000 247 1.000000 248 1.000000 249 1.000000 250 2.000000 325 1.000000 326 1.000000 430 1.000000 436 1.000000 -1
74 4.000000 75 2.000000 164 1.000000 165 2.000000 166 1.000000 407 1.000000 411 2.000000 -1
74 2.000000 75 2.000000 165 1.000000 411 1.000000 -1
16 1.000000 76 3.000000 127 2.000000 231 1.000000 300 2.000000 -1
1 1.000000 77 3.000000 79 1.000000 164 3.000000 165 1.000000 167 1.000000 235 1.000000 281 1.000000 346 1.000000 351 1.000000 352 1.000000 353 3.000000 388 1.000000 414 1.000000 -1
50 1.000000 78 4.000000 89 3.000000 90 1.000000 144 3.000000 242 1.000000 287 2.000000 288 1.000000 -1
1 2.000000 77 1.000000 79 3.000000 164 1.000000 281 3.000000 351 1.000000 352 1.000000 353 3.000000 388 1.000000 -1
80 5.000000 164 1.000000 240 2.000000 305 1.000000 312 3.000000 321 3.000000 414 4.000000 417 1.000000 418 1.000000 -1
27 1.000000 29 1.000000 81 3.000000 140 1.000000 186 1.000000 187 2.000000 269 1.000000 270 2.000000 271 1.000000 -1
82 2.000000 83 2.000000 163 1.000000 169 1.000000 -1
34 1.000000 72 1.000000 82 2.000000 83 4.000000 162 1.000000 163 2.000000 168 1.000000 169 2.000000 -1
10 1.000000 19 1.000000 39 1.000000 84 4.000000 121 1.000000 193 1.000000 214 2.000000 230 1.000000 268 3.000000 272 1.000000 309 1.000000 314 1.000000 394 3.000000 395 1.000000 428 1.000000 432 1.000000 -1
58 1.000000 59 2.000000 61 1.000000 85 3.000000 86 2.000000 186 1.000000 257 1.000000 280 1.000000 -1
59 1.000000 85 2.000000 86 2.000000 -1
87 4.000000 95 2.000000 96 1.000000 97 1.000000 143 1.000000 180 3.000000 182 1.000000 183 3.000000 302 1.000000 -1
2 1.000000 88 4.000000 117 2.000000 123 1.000000 188 1.000000 192 2.000000 273 1.000000 283 1.000000 284 1.000000 286 1.000000 390 1.000000 435 2.000000 436 1.000000 -1
50 3.000000 51 1.000000 78 3.000000 89 6.000000 90 2.000000 144 3.000000 161 1.000000 242 3.000000 243 2.000000 287 1.000000 288 1.000000 -1
27 1.000000 50 1.000000 51 2.000000 78 1.000000 89 2.000000 90 5.000000 144 1.000000 160 1.000000 161 2.000000 175 1.000000 242 2.000000 243 2.000000 287 1.000000 288 2.000000 440 1.000000 -1
34 1.000000 91 4.000000 92 2.000000 150 1.000000 152 1.000000 176 1.000000 199 2.000000 200 2.000000 208 1.000000 210 2.000000 211 1.000000 223 1.000000 224 1.000000 -1
91 2.000000 92 6.000000 109 1.000000 196 1.000000 199 2.000000 200 3.000000 207 1.000000 208 2.000000 210 1.000000 220 1.000000 223 2.000000 224 3.000000 225 1.000000 226 1.000000 236 2.000000 337 1.000000 426 2.000000 429 1.000000 436 1.000000 -1
9 1.000000 10 1.000000 20 2.000000 39 1.000000 71 2.000000 93 5.000000 157 2.000000 158 1.000000 159 1.000000 171 2.000000 182 1.000000 185 1.000000 193 1.000000 331 1.000000 -1
36 2.000000 57 2.000000 94 4.000000 323 2.000000 325 1.000000 348 1.000000 399 1.000000 403 1.000000 431 1.000000 -1
87 2.000000 95 4.000000 96 2.000000 97 2.000000 180 1.000000 183 1.000000 -1
87 1.000000 95 2.000000 96 2.000000 97 1.000000 -1
87 1.000000 95 2.000000 96 1.000000 97 2.000000 -1
35 2.000000 98 2.000000 206 1.000000 -1
67 2.000000 99 3.000000 117 1.000000 123 2.000000 191 1.000000 213 1.000000 -1
41 1.000000 72 2.000000 100 7.000000 101 2.000000 102 2.000000 172 2.000000 220 1.000000 221 4.000000 222 1.000000 256 1.000000 264 3.000000 326 3.000000 430 4.000000 432 1.000000 -1
100 2.000000 101 2.000000 102 1.000000 221 1.000000 264 1.000000 326 1.000000 430 1.000000 -1
100 2.000000 101 1.000000 102 2.000000 221 1.000000 264 1.000000 326 1.000000 430 1.000000 -1
103 2.000000 106 1.000000 107 2.000000 108 1.000000 -1
11 1.000000 44 1.000000 104 2.000000 107 1.000000 108 2.000000 109 1.000000 328 1.000000 434 1.000000 -1
105 2.000000 108 1.000000 109 2.000000 223 1.000000 -1
103 1.000000 106 2.000000 107 2.000000 108 1.000000 -1
11 1.000000 44 1.000000 103 2.000000 104 1.000000 106 2.000000 107 4.000000 108 2.000000 109 1.000000 328 1.000000 434 1.000000 -1
11 2.000000 17 1.000000 43 1.000000 44 2.000000 45 1.000000 103 1.000000 104 2.000000 105 1.000000 106 1.000000 107 2.000000 108 8.000000 109 2.000000 209 1.000000 223 1.000000 244 2.000000 255 1.000000 290 1.000000 291 1.000000 328 2.000000 342 1.000000 343 1.000000 344 1.000000 345 1.000000 350 2.000000 434 2.000000 -1
11 1.000000 44 1.000000 92 1.000000 104 1.000000 105 2.000000 107 1.000000 108 2.000000 109 4.000000 223 2.000000 236 1.000000 328 1.000000 434 1.000000 436 1.000000 -1
110 4.000000 118 1.000000 153 2.000000 155 1.000000 156 1.000000 228 2.000000 234 1.000000 282 1.000000 313 2.000000 -1
34 2.000000 69 1.000000 111 3.000000 132 1.000000 136 1.000000 163 1.000000 210 1.000000 270 1.000000 271 2.000000 -1
27 1.000000 29 2.000000 112 5.000000 113 2.000000 114 2.000000 115 1.000000 175 2.000000 270 1.000000 288 1.000000 443 1.000000 -1
29 1.000000 31 1.000000 112 2.000000 113 3.000000 114 1.000000 115 2.000000 175 1.000000 349 1.000000 -1
29 1.000000 112 2.000000 113 1.000000 114 3.000000 175 1.000000 442 1.000000 443 2.000000 -1
31 2.000000 112 1.000000 113 2.000000 115 4.000000 177 1.000000 188 1.000000 206 1.000000 349 2.000000 399 1.000000 431 1.000000 -1
116 3.000000 138 1.000000 365 1.000000 373 1.000000 374 3.000000 375 1.000000 376 1.000000 377 3.000000 379 1.000000 405 1.000000 420 1.000000 -1
88 2.000000 99 1.000000 117 3.000000 123 2.000000 192 1.000000 435 1.000000 -1
110 1.000000 118 5.000000 119 2.000000 153 3.000000 155 1.000000 156 1.000000 233 1.000000 234 3.000000 338 1.000000 389 2.000000 401 1.000000 -1
118 2.000000 119 4.000000 153 1.000000 177 1.000000 216 1.000000 234 1.000000 329 1.000000 338 2.000000 339 1.000000 340 1.000000 341 1.000000 389 1.000000 401 2.000000 403 1.000000 -1
71 1.000000 120 3.000000 121 2.000000 180 1.000000 182 2.000000 309 1.000000 394 1.000000 428 1.000000 -1
13 1.000000 84 1.000000 120 2.000000 121 4.000000 182 1.000000 268 2.000000 309 1.000000 394 2.000000 395 1.000000 428 2.000000 429 1.000000 -1
122 4.000000 128 1.000000 366 2.000000 367 1.000000 369 1.000000 370 2.000000 372 2.000000 378 1.000000 383 1.000000 384 1.000000 397 2.000000 -1
67 1.000000 88 1.000000 99 2.000000 117 2.000000 123 3.000000 -1
124 3.000000 125 2.000000 126 1.000000 127 1.000000 231 2.000000 -1
124 2.000000 125 3.000000 126 2.000000 141 1.000000 201 1.000000 231 1.000000 362 1.000000 415 1.000000 -1
24 1.000000 28 1.000000 124 1.000000 125 2.000000 126 6.000000 141 3.000000 201 3.000000 209 1.000000 308 1.000000 354 1.000000 359 1.000000 360 1.000000 362 2.000000 363 1.000000 415 2.000000 417 1.000000 418 1.000000 -1
76 2.000000 124 1.000000 127 3.000000 231 2.000000 300 1.000000 -1
122 1.000000 128 2.000000 370 1.000000 397 2.000000 -1
129 3.000000 130 2.000000 370 1.000000 371 2.000000 -1
129 2.000000 130 2.000000 371 1.000000 -1
131 2.000000 370 1.000000 385 2.000000 -1
31 1.000000 69 1.000000 111 1.000000 132 3.000000 136 1.000000 186 1.000000 188 2.000000 190 1.000000 227 1.000000 259 1.000000 270 1.000000 271 2.000000 390 1.000000 435 1.000000 -1
37 3.000000 38 1.000000 133 6.000000 134 2.000000 135 2.000000 262 2.000000 263 1.000000 292 1.000000 294 1.000000 306 3.000000 307 1.000000 381 1.000000 387 2.000000 395 2.000000 405 1.000000 420 1.000000 -1
37 1.000000 133 2.000000 134 3.000000 135 1.000000 262 1.000000 292 2.000000 293 1.000000 294 1.000000 306 1.000000 -1
37 1.000000 133 2.000000 134 1.000000 135 3.000000 262 1.000000 292 1.000000 294 2.000000 295 1.000000 306 1.000000 -1
68 1.000000 69 3.000000 111 1.000000 132 1.000000 136 3.000000 142 1.000000 211 1.000000 270 1.000000 271 3.000000 -1
15 1.000000 137 3.000000 174 1.000000 301 2.000000 402 2.000000 403 1.000000 -1
116 1.000000 138 6.000000 139 2.000000 311 4.000000 365 4.000000 369 1.000000 374 1.000000 376 4.000000 377 4.000000 -1
138 2.000000 139 2.000000 311 1.000000 365 1.000000 376 1.000000 377 1.000000 -1
27 3.000000 29 1.000000 81 1.000000 140 3.000000 175 1.000000 243 1.000000 269 1.000000 270 3.000000 271 1.000000 -1
28 1.000000 125 1.000000 126 3.000000 141 3.000000 201 3.000000 308 1.000000 362 1.000000 415 1.000000 -1
68 1.000000 69 2.000000 136 1.000000 142 3.000000 211 1.000000 271 1.000000 296 1.000000 298 2.000000 -1
71 1.000000 87 1.000000 143 3.000000 180 2.000000 182 1.000000 183 1.000000 193 2.000000 214 1.000000 302 2.000000 -1
50 1.000000 78 3.000000 89 3.000000 90 1.000000 144 3.000000 242 1.000000 287 1.000000 -1
145 2.000000 146 2.000000 211 1.000000 -1
69 1.000000 145 2.000000 146 3.000000 207 1.000000 210 1.000000 211 2.000000 212 1.000000 -1
147 4.000000 148 2.000000 154 2.000000 207 1.000000 367 1.000000 398 1.000000 425 2.000000 426 1.000000 -1
147 2.000000 148 4.000000 154 1.000000 207 3.000000 208 1.000000 211 1.000000 398 3.000000 425 1.000000 -1
149 2.000000 150 2.000000 210 1.000000 -1
34 1.000000 91 1.000000 149 2.000000 150 3.000000 152 1.000000 210 2.000000 211 1.000000 -1
151 2.000000 152 2.000000 210 1.000000 -1
34 1.000000 91 1.000000 150 1.000000 151 2.000000 152 3.000000 210 2.000000 211 1.000000 -1
110 2.000000 118 3.000000 119 1.000000 153 6.000000 155 2.000000 156 2.000000 228 1.000000 233 1.000000 234 3.000000 313 1.000000 389 1.000000 -1
147 2.000000 148 1.000000 154 2.000000 425 1.000000 -1
110 1.000000 118 1.000000 153 2.000000 155 2.000000 156 1.000000 234 1.000000 -1
110 1.000000 118 1.000000 153 2.000000 155 1.000000 156 2.000000 234 1.000000 -1
20 1.000000 71 1.000000 93 2.000000 157 4.000000 158 2.000000 159 2.000000 171 1.000000 -1
93 1.000000 157 2.000000 158 2.000000 159 1.000000 -1
93 1.000000 157 2.000000 158 1.000000 159 2.000000 -1
51 1.000000 90 1.000000 160 2.000000 161 2.000000 -1
50 1.000000 51 2.000000 89 1.000000 90 2.000000 160 2.000000 161 4.000000 243 2.000000 288 1.000000 -1
34 1.000000 83 1.000000 162 2.000000 163 2.000000 -1
34 2.000000 82 1.000000 83 2.000000 111 1.000000 162 2.000000 163 4.000000 169 1.000000 210 1.000000 -1
1 1.000000 74 1.000000 77 3.000000 79 1.000000 80 1.000000 164 8.000000 165 2.000000 166 1.000000 167 2.000000 235 2.000000 281 1.000000 312 1.000000 321 1.000000 322 1.000000 346 2.000000 351 1.000000 352 1.000000 353 3.000000 388 1.000000 410 2.000000 414 2.000000 417 1.000000 418 1.000000 433 1.000000 -1
74 2.000000 75 1.000000 77 1.000000 164 2.000000 165 4.000000 166 2.000000 167 1.000000 235 1.000000 346 1.000000 353 1.000000 411 1.000000 414 1.000000 -1
74 1.000000 164 1.000000 165 2.000000 166 2.000000 -1
77 1.000000 164 2.000000 165 1.000000 167 2.000000 235 1.000000 346 1.000000 353 1.000000 414 1.000000 -1
72 1.000000 83 1.000000 168 2.000000 169 2.000000 -1
72 2.000000 73 1.000000 82 1.000000 83 2.000000 163 1.000000 168 2.000000 169 4.000000 326 1.000000 430 1.000000 -1
33 1.000000 67 1.000000 170 3.000000 191 3.000000 253 3.000000 254 1.000000 273 1.000000 289 1.000000 -1
20 1.000000 71 1.000000 93 2.000000 157 1.000000 171 3.000000 317 1.000000 331 2.000000 -1
41 1.000000 72 1.000000 100 2.000000 172 3.000000 220 1.000000 221 3.000000 222 1.000000 256 1.000000 264 1.000000 326 1.000000 430 3.000000 432 1.000000 -1
173 2.000000 265 2.000000 266 1.000000 -1
137 1.000000 174 3.000000 232 2.000000 297 1.000000 402 2.000000 403 1.000000 -1
27 2.000000 29 1.000000 90 1.000000 112 2.000000 113 1.000000 114 1.000000 140 1.000000 175 4.000000 243 1.000000 270 1.000000 287 1.000000 288 2.000000 440 1.000000 -1
54 2.000000 55 1.000000 56 1.000000 91 1.000000 176 3.000000 199 2.000000 200 1.000000 -1
12 2.000000 30 3.000000 115 1.000000 119 1.000000 177 10.000000 178 2.000000 179 2.000000 188 1.000000 206 1.000000 227 2.000000 250 1.000000 259 1.000000 267 3.000000 284 1.000000 329 2.000000 330 1.000000 338 2.000000 339 1.000000 340 1.000000 341 1.000000 349 2.000000 399 1.000000 401 1.000000 403 1.000000 431 1.000000 -1
12 1.000000 30 1.000000 73 1.000000 177 2.000000 178 3.000000 179 1.000000 227 1.000000 247 1.000000 248 1.000000 249 1.000000 250 2.000000 267 1.000000 325 1.000000 329 1.000000 338 1.000000 349 1.000000 436 1.000000 -1
12 1.000000 30 1.000000 177 2.000000 178 1.000000 179 2.000000 227 1.000000 267 1.000000 329 1.000000 338 1.000000 349 1.000000 -1
71 1.000000 87 3.000000 95 1.000000 120 1.000000 143 2.000000 180 6.000000 182 2.000000 183 3.000000 193 2.000000 302 2.000000 303 1.000000 304 1.000000 309 1.000000 -1
181 3.000000 235 1.000000 240 1.000000 305 2.000000 322 2.000000 433 1.000000 -1
39 1.000000 71 2.000000 87 1.000000 93 1.000000 120 2.000000 121 1.000000 143 1.000000 180 2.000000 182 5.000000 183 1.000000 193 1.000000 214 1.000000 302 1.000000 309 2.000000 310 1.000000 428 1.000000 -1
87 3.000000 95 1.000000 143 1.000000 180 3.000000 182 1.000000 183 3.000000 302 1.000000 -1
42 1.000000 43 2.000000 44 1.000000 53 2.000000 184 3.000000 423 1.000000 -1
9 1.000000 10 1.000000 20 2.000000 93 1.000000 185 3.000000 336 1.000000 427 2.000000 -1
18 1.000000 31 1.000000 35 1.000000 58 1.000000 59 2.000000 61 1.000000 81 1.000000 85 1.000000 132 1.000000 186 5.000000 187 2.000000 188 2.000000 190 1.000000 206 2.000000 227 1.000000 257 1.000000 259 1.000000 280 1.000000 349 1.000000 390 1.000000 435 1.000000 -1
59 1.000000 81 2.000000 186 2.000000 187 3.000000 188 1.000000 206 1.000000 270 1.000000 -1
2 1.000000 12 1.000000 31 2.000000 59 1.000000 88 1.000000 115 1.000000 132 2.000000 177 1.000000 186 2.000000 187 1.000000 188 9.000000 189 1.000000 190 2.000000 206 1.000000 227 2.000000 259 2.000000 271 1.000000 283 1.000000 284 1.000000 286 1.000000 390 3.000000 435 3.000000 436 1.000000 437 1.000000 -1
188 1.000000 189 3.000000 190 2.000000 211 1.000000 212 2.000000 -1
31 1.000000 132 1.000000 186 1.000000 188 2.000000 189 2.000000 190 3.000000 212 1.000000 227 1.000000 259 1.000000 390 1.000000 435 1.000000 -1
33 1.000000 67 2.000000 99 1.000000 170 3.000000 191 5.000000 192 1.000000 213 1.000000 253 3.000000 254 1.000000 273 2.000000 275 1.000000 289 1.000000 -1
88 2.000000 117 1.000000 191 1.000000 192 3.000000 273 2.000000 275 1.000000 435 1.000000 -1
10 1.000000 39 2.000000 71 2.000000 84 1.000000 93 1.000000 143 2.000000 180 2.000000 182 1.000000 193 5.000000 214 2.000000 302 2.000000 303 1.000000 304 1.000000 309 1.000000 432 1.000000 -1
21 1.000000 32 2.000000 70 1.000000 194 4.000000 229 1.000000 258 1.000000 392 2.000000 412 2.000000 -1
195 4.000000 196 2.000000 197 2.000000 198 2.000000 200 1.000000 429 1.000000 -1
92 1.000000 195 2.000000 196 4.000000 197 1.000000 198 1.000000 199 1.000000 200 3.000000 219 1.000000 220 1.000000 224 1.000000 310 1.000000 315 1.000000 337 1.000000 426 1.000000 428 1.000000 429 3.000000 -1
195 2.000000 196 1.000000 197 2.000000 198 1.000000 -1
195 2.000000 196 1.000000 197 1.000000 198 2.000000 -1
54 1.000000 91 2.000000 92 2.000000 176 2.000000 196 1.000000 199 4.000000 200 2.000000 210 1.000000 220 1.000000 224 1.000000 337 1.000000 426 1.000000 429 1.000000 -1
91 2.000000 92 3.000000 176 1.000000 195 1.000000 196 3.000000 199 2.000000 200 9.000000 208 2.000000 219 1.000000 220 3.000000 221 1.000000 222 1.000000 223 1.000000 224 3.000000 225 1.000000 226 1.000000 307 1.000000 310 1.000000 315 1.000000 336 1.000000 337 3.000000 368 1.000000 375 1.000000 425 1.000000 426 2.000000 428 1.000000 429 3.000000 -1
17 1.000000 28 3.000000 125 1.000000 126 3.000000 141 3.000000 201 5.000000 241 1.000000 308 3.000000 362 1.000000 415 1.000000 441 1.000000 -1
13 2.000000 19 1.000000 25 1.000000 26 4.000000 202 6.000000 268 1.000000 272 2.000000 299 2.000000 364 3.000000 424 3.000000 428 1.000000 -1
203 2.000000 204 2.000000 314 1.000000 -1
203 2.000000 204 3.000000 230 1.000000 268 1.000000 314 2.000000 -1
22 1.000000 205 3.000000 245 1.000000 257 1.000000 400 2.000000 408 2.000000 -1
18 2.000000 35 2.000000 59 1.000000 98 1.000000 115 1.000000 177 1.000000 186 2.000000 187 1.000000 188 1.000000 206 5.000000 349 2.000000 399 1.000000 431 1.000000 -1
69 1.000000 92 1.000000 146 1.000000 147 1.000000 148 3.000000 207 5.000000 208 2.000000 210 1.000000 211 2.000000 212 1.000000 236 1.000000 398 3.000000 426 1.000000 -1
91 1.000000 92 2.000000 148 1.000000 200 2.000000 207 2.000000 208 5.000000 211 1.000000 223 2.000000 224 1.000000 236 2.000000 237 1.000000 238 1.000000 239 1.000000 307 1.000000 368 1.000000 375 1.000000 398 1.000000 425 1.000000 426 2.000000 436 1.000000 -1
108 1.000000 126 1.000000 209 3.000000 244 1.000000 255 1.000000 328 2.000000 342 1.000000 343 1.000000 344 1.000000 345 1.000000 359 1.000000 360 1.000000 362 2.000000 363 1.000000 -1
34 2.000000 69 1.000000 91 2.000000 92 1.000000 111 1.000000 146 1.000000 149 1.000000 150 2.000000 151 1.000000 152 2.000000 163 1.000000 199 1.000000 207 1.000000 210 6.000000 211 2.000000 212 1.000000 -1
34 1.000000 68 1.000000 69 2.000000 91 1.000000 136 1.000000 142 1.000000 145 1.000000 146 2.000000 148 1.000000 150 1.000000 152 1.000000 189 1.000000 207 2.000000 208 1.000000 210 2.000000 211 6.000000 212 2.000000 271 1.000000 398 1.000000 -1
69 1.000000 146 1.000000 189 2.000000 190 1.000000 207 1.000000 210 1.000000 211 2.000000 212 3.000000 -1
67 2.000000 99 1.000000 191 1.000000 213 3.000000 258 2.000000 392 1.000000 -1
6 1.000000 7 1.000000 9 1.000000 10 2.000000 20 1.000000 39 2.000000 71 2.000000 84 2.000000 143 1.000000 182 1.000000 193 2.000000 214 7.000000 221 1.000000 256 2.000000 268 1.000000 302 1.000000 309 2.000000 310 1.000000 394 1.000000 428 1.000000 432 2.000000 -1
61 1.000000 215 3.000000 216 2.000000 217 2.000000 283 1.000000 401 1.000000 -1
58 1.000000 59 1.000000 61 2.000000 119 1.000000 215 2.000000 216 5.000000 217 1.000000 283 2.000000 284 1.000000 289 1.000000 296 1.000000 329 1.000000 401 2.000000 435 1.000000 -1
215 2.000000 216 1.000000 217 2.000000 -1
218 3.000000 228 1.000000 282 2.000000 285 2.000000 340 1.000000 341 1.000000 -1
196 1.000000 200 1.000000 219 3.000000 310 1.000000 315 3.000000 316 1.000000 391 1.000000 428 1.000000 429 3.000000 -1
41 2.000000 92 1.000000 100 1.000000 172 1.000000 196 1.000000 199 1.000000 200 3.000000 220 5.000000 221 2.000000 222 2.000000 224 1.000000 256 1.000000 264 1.000000 336 1.000000 337 3.000000 426 1.000000 429 1.000000 430 2.000000 432 1.000000 -1
39 1.000000 41 2.000000 72 1.000000 100 4.000000 101 1.000000 102 1.000000 172 3.000000 200 1.000000 214 1.000000 220 2.000000 221 9.000000 222 3.000000 256 3.000000 264 3.000000 317 1.000000 326 2.000000 336 1.000000 337 1.000000 430 4.000000 432 3.000000 -1
41 2.000000 72 1.000000 100 1.000000 172 1.000000 200 1.000000 220 2.000000 221 3.000000 222 4.000000 317 1.000000 326 1.000000 336 1.000000 337 1.000000 430 2.000000 -1
91 1.000000 92 2.000000 105 1.000000 108 1.000000 109 2.000000 200 1.000000 208 2.000000 223 5.000000 224 1.000000 236 3.000000 237 1.000000 238 1.000000 239 1.000000 250 1.000000 435 1.000000 436 3.000000 439 1.000000 -1
91 1.000000 92 3.000000 196 1.000000 199 1.000000 200 3.000000 208 1.000000 220 1.000000 223 1.000000 224 5.000000 225 2.000000 226 2.000000 337 1.000000 426 1.000000 429 1.000000 -1
92 1.000000 200 1.000000 224 2.000000 225 2.000000 226 1.000000 -1
92 1.000000 200 1.000000 224 2.000000 225 1.000000 226 2.000000 -1
12 1.000000 30 1.000000 31 1.000000 132 1.000000 177 2.000000 178 1.000000 179 1.000000 186 1.000000 188 2.000000 190 1.000000 227 3.000000 259 1.000000 267 1.000000 329 1.000000 338 1.000000 349 1.000000 390 1.000000 435 1.000000 -1
110 2.000000 153 1.000000 218 1.000000 228 3.000000 282 2.000000 313 1.000000 340 1.000000 -1
21 1.000000 33 1.000000 194 1.000000 229 3.000000 253 1.000000 258 1.000000 283 1.000000 284 1.000000 289 2.000000 290 1.000000 291 1.000000 392 2.000000 -1
19 1.000000 84 1.000000 204 1.000000 230 5.000000 260 3.000000 261 1.000000 268 3.000000 272 1.000000 314 3.000000 327 3.000000 394 1.000000 428 1.000000 -1
76 1.000000 124 2.000000 125 1.000000 127 2.000000 231 3.000000 -1
174 2.000000 232 3.000000 297 2.000000 393 1.000000 402 1.000000 -1
118 1.000000 153 1.000000 233 2.000000 234 2.000000 -1
110 1.000000 118 3.000000 119 1.000000 153 3.000000 155 1.000000 156 1.000000 233 2.000000 234 4.000000 389 1.000000 -1
77 1.000000 164 2.000000 165 1.000000 167 1.000000 181 1.000000 235 5.000000 305 1.000000 322 2.000000 346 2.000000 353 1.000000 407 1.000000 410 2.000000 414 1.000000 433 2.000000 -1
92 2.000000 109 1.000000 207 1.000000 208 2.000000 223 3.000000 236 7.000000 237 2.000000 238 2.000000 239 2.000000 250 1.000000 426 1.000000 435 1.000000 436 3.000000 439 1.000000 -1
208 1.000000 223 1.000000 236 2.000000 237 2.000000 238 1.000000 239 1.000000 436 1.000000 -1
208 1.000000 223 1.000000 236 2.000000 237 1.000000 238 2.000000 239 1.000000 436 1.000000 -1
208 1.000000 223 1.000000 236 2.000000 237 1.000000 238 1.000000 239 2.000000 436 1.000000 -1
80 2.000000 181 1.000000 240 3.000000 305 2.000000 312 1.000000 321 1.000000 414 1.000000 433 1.000000 -1
17 1.000000 28 2.000000 201 1.000000 241 2.000000 308 1.000000 441 1.000000 -1
27 1.000000 50 3.000000 51 2.000000 78 1.000000 89 3.000000 90 2.000000 144 1.000000 242 4.000000 243 2.000000 -1
27 2.000000 50 2.000000 51 2.000000 89 2.000000 90 2.000000 140 1.000000 161 2.000000 175 1.000000 242 2.000000 243 5.000000 270 1.000000 288 1.000000 -1
17 1.000000 108 2.000000 209 1.000000 244 4.000000 246 2.000000 255 2.000000 328 2.000000 342 1.000000 343 1.000000 344 1.000000 345 1.000000 350 1.000000 434 2.000000 -1
52 1.000000 65 2.000000 205 1.000000 245 3.000000 257 1.000000 408 2.000000 -1
244 2.000000 246 3.000000 255 2.000000 328 2.000000 396 1.000000 434 1.000000 -1
73 1.000000 178 1.000000 247 2.000000 248 1.000000 249 1.000000 250 2.000000 325 1.000000 436 1.000000 -1
73 1.000000 178 1.000000 247 1.000000 248 2.000000 249 1.000000 250 2.000000 325 1.000000 436 1.000000 -1
73 1.000000 178 1.000000 247 1.000000 248 1.000000 249 2.000000 250 2.000000 325 1.000000 436 1.000000 -1
72 1.000000 73 2.000000 177 1.000000 178 2.000000 223 1.000000 236 1.000000 247 2.000000 248 2.000000 249 2.000000 250 8.000000 323 1.000000 324 1.000000 325 2.000000 339 1.000000 435 1.000000 436 2.000000 439 1.000000 -1
251 3.000000 282 1.000000 338 1.000000 340 2.000000 393 1.000000 404 2.000000 -1
252 2.000000 253 1.000000 254 2.000000 -1
21 1.000000 33 3.000000 67 1.000000 170 3.000000 191 3.000000 229 1.000000 252 1.000000 253 6.000000 254 2.000000 273 1.000000 283 1.000000 284 1.000000 289 3.000000 290 1.000000 291 1.000000 -1
33 1.000000 170 1.000000 191 1.000000 252 2.000000 253 2.000000 254 3.000000 289 1.000000 -1
108 1.000000 209 1.000000 244 2.000000 246 2.000000 255 4.000000 328 2.000000 342 1.000000 343 1.000000 344 1.000000 345 1.000000 361 1.000000 396 2.000000 -1
9 1.000000 39 2.000000 41 1.000000 71 1.000000 100 1.000000 172 1.000000 214 2.000000 220 1.000000 221 3.000000 256 4.000000 264 1.000000 430 1.000000 432 3.000000 -1
58 1.000000 59 2.000000 61 1.000000 85 1.000000 186 1.000000 205 1.000000 245 1.000000 257 4.000000 280 1.000000 347 2.000000 348 1.000000 408 2.000000 -1
67 1.000000 194 1.000000 213 2.000000 229 1.000000 258 3.000000 392 2.000000 -1
2 1.000000 12 2.000000 31 1.000000 132 1.000000 177 1.000000 186 1.000000 188 2.000000 190 1.000000 227 1.000000 259 4.000000 390 1.000000 435 1.000000 437 2.000000 -1
230 3.000000 260 4.000000 261 2.000000 268 1.000000 314 1.000000 327 3.000000 -1
230 1.000000 260 2.000000 261 2.000000 327 1.000000 -1
37 1.000000 133 2.000000 134 1.000000 135 1.000000 262 3.000000 263 2.000000 306 1.000000 -1
133 1.000000 262 2.000000 263 2.000000 -1
41 1.000000 100 3.000000 101 1.000000 102 1.000000 172 1.000000 220 1.000000 221 3.000000 256 1.000000 264 3.000000 326 1.000000 430 2.000000 432 1.000000 -1
16 1.000000 23 1.000000 173 2.000000 265 3.000000 266 2.000000 -1
14 1.000000 15 1.000000 16 2.000000 22 1.000000 23 2.000000 24 1.000000 173 1.000000 265 2.000000 266 4.000000 300 1.000000 -1
12 1.000000 30 3.000000 177 3.000000 178 1.000000 179 1.000000 227 1.000000 267 3.000000 284 1.000000 329 1.000000 338 1.000000 349 1.000000 -1
13 1.000000 19 3.000000 84 3.000000 121 2.000000 202 1.000000 204 1.000000 214 1.000000 230 3.000000 260 1.000000 268 8.000000 272 3.000000 309 1.000000 314 3.000000 327 1.000000 394 3.000000 395 1.000000 428 2.000000 429 1.000000 -1
27 1.000000 29 1.000000 81 1.000000 140 1.000000 269 2.000000 270 2.000000 271 1.000000 -1
27 3.000000 29 2.000000 69 1.000000 81 2.000000 111 1.000000 112 1.000000 132 1.000000 136 1.000000 140 3.000000 175 1.000000 187 1.000000 243 1.000000 269 2.000000 270 7.000000 271 2.000000 -1
27 1.000000 29 1.000000 34 1.000000 68 1.000000 69 3.000000 81 1.000000 111 2.000000 132 2.000000 136 3.000000 140 1.000000 142 1.000000 188 1.000000 211 1.000000 269 1.000000 270 2.000000 271 6.000000 -1
13 1.000000 19 3.000000 26 1.000000 84 1.000000 202 2.000000 230 1.000000 268 3.000000 272 4.000000 314 1.000000 364 1.000000 394 1.000000 424 1.000000 428 1.000000 -1
67 1.000000 88 1.000000 170 1.000000 191 2.000000 192 2.000000 253 1.000000 273 4.000000 275 2.000000 278 1.000000 279 1.000000 -1
274 2.000000 275 1.000000 276 1.000000 278 2.000000 -1
191 1.000000 192 1.000000 273 2.000000 274 1.000000 275 4.000000 276 2.000000 277 1.000000 278 2.000000 279 2.000000 -1
274 1.000000 275 2.000000 276 3.000000 277 1.000000 278 2.000000 279 2.000000 -1
275 1.000000 276 1.000000 277 2.000000 279 2.000000 -1
273 1.000000 274 2.000000 275 2.000000 276 2.000000 278 4.000000 279 2.000000 -1
273 1.000000 275 2.000000 276 2.000000 277 2.000000 278 2.000000 279 4.000000 -1
58 1.000000 59 2.000000 61 1.000000 85 1.000000 186 1.000000 257 1.000000 280 2.000000 -1
1 3.000000 77 1.000000 79 3.000000 164 1.000000 281 4.000000 351 1.000000 352 1.000000 353 4.000000 388 1.000000 -1
110 1.000000 218 2.000000 228 2.000000 251 1.000000 282 4.000000 285 1.000000 338 1.000000 340 2.000000 -1
2 1.000000 21 1.000000 30 1.000000 33 1.000000 61 1.000000 88 1.000000 188 1.000000 215 1.000000 216 2.000000 229 1.000000 253 1.000000 283 6.000000 284 4.000000 286 1.000000 289 3.000000 290 1.000000 291 1.000000 296 2.000000 298 1.000000 390 1.000000 401 1.000000 435 3.000000 436 1.000000 438 1.000000 -1
2 1.000000 21 1.000000 30 2.000000 33 1.000000 88 1.000000 177 1.000000 188 1.000000 216 1.000000 229 1.000000 253 1.000000 267 1.000000 283 4.000000 284 5.000000 286 1.000000 289 3.000000 290 1.000000 291 1.000000 296 1.000000 390 1.000000 435 3.000000 436 1.000000 -1
218 2.000000 282 1.000000 285 3.000000 338 1.000000 341 2.000000 393 1.000000 -1
2 1.000000 70 2.000000 88 1.000000 188 1.000000 283 1.000000 284 1.000000 286 3.000000 390 1.000000 412 1.000000 435 2.000000 436 1.000000 -1
78 2.000000 89 1.000000 90 1.000000 144 1.000000 175 1.000000 287 3.000000 288 2.000000 440 1.000000 -1
27 1.000000 78 1.000000 89 1.000000 90 2.000000 112 1.000000 161 1.000000 175 2.000000 243 1.000000 287 2.000000 288 5.000000 440 2.000000 442 1.000000 -1
21 2.000000 30 1.000000 32 1.000000 33 3.000000 44 2.000000 170 1.000000 191 1.000000 216 1.000000 229 2.000000 253 3.000000 254 1.000000 283 3.000000 284 3.000000 289 9.000000 290 2.000000 291 2.000000 296 1.000000 392 1.000000 435 2.000000 -1
21 1.000000 33 1.000000 43 1.000000 44 2.000000 45 1.000000 108 1.000000 229 1.000000 253 1.000000 283 1.000000 284 1.000000 289 2.000000 290 3.000000 291 2.000000 -1
21 1.000000 33 1.000000 43 1.000000 44 2.000000 45 1.000000 108 1.000000 229 1.000000 253 1.000000 283 1.000000 284 1.000000 289 2.000000 290 2.000000 291 3.000000 -1
133 1.000000 134 2.000000 135 1.000000 292 4.000000 293 2.000000 294 2.000000 295 1.000000 -1
134 1.000000 292 2.000000 293 2.000000 294 1.000000 -1
133 1.000000 134 1.000000 135 2.000000 292 2.000000 293 1.000000 294 4.000000 295 2.000000 -1
135 1.000000 292 1.000000 294 2.000000 295 2.000000 -1
142 1.000000 216 1.000000 283 2.000000 284 1.000000 289 1.000000 296 4.000000 298 2.000000 423 1.000000 435 1.000000 438 2.000000 -1
174 1.000000 232 2.000000 297 3.000000 341 1.000000 393 2.000000 404 1.000000 -1
69 1.000000 142 2.000000 283 1.000000 296 2.000000 298 3.000000 438 1.000000 -1
25 1.000000 26 3.000000 202 2.000000 299 3.000000 364 1.000000 424 3.000000 -1
14 1.000000 15 1.000000 16 2.000000 76 2.000000 127 1.000000 266 1.000000 300 3.000000 -1
15 2.000000 16 1.000000 52 1.000000 137 2.000000 301 3.000000 402 1.000000 -1
71 1.000000 87 1.000000 143 2.000000 180 2.000000 182 1.000000 183 1.000000 193 2.000000 214 1.000000 302 5.000000 303 2.000000 304 2.000000 -1
180 1.000000 193 1.000000 302 2.000000 303 2.000000 304 1.000000 -1
180 1.000000 193 1.000000 302 2.000000 303 1.000000 304 2.000000 -1
80 1.000000 181 2.000000 235 1.000000 240 2.000000 305 4.000000 322 1.000000 433 2.000000 -1
37 5.000000 38 1.000000 133 3.000000 134 1.000000 135 1.000000 262 1.000000 306 9.000000 307 2.000000 374 2.000000 381 3.000000 382 1.000000 386 1.000000 387 4.000000 391 1.000000 394 1.000000 395 3.000000 405 2.000000 406 1.000000 419 1.000000 420 2.000000 426 1.000000 -1
37 1.000000 133 1.000000 200 1.000000 208 1.000000 306 2.000000 307 4.000000 315 1.000000 368 1.000000 375 1.000000 381 1.000000 387 1.000000 391 2.000000 395 1.000000 405 1.000000 406 1.000000 420 1.000000 425 1.000000 426 2.000000 -1
17 1.000000 28 3.000000 126 1.000000 141 1.000000 201 3.000000 241 1.000000 308 3.000000 441 1.000000 -1
10 1.000000 13 1.000000 39 1.000000 71 1.000000 84 1.000000 120 1.000000 121 1.000000 180 1.000000 182 2.000000 193 1.000000 214 2.000000 268 1.000000 309 5.000000 310 2.000000 428 2.000000 429 2.000000 432 1.000000 -1
182 1.000000 196 1.000000 200 1.000000 214 1.000000 219 1.000000 309 2.000000 310 3.000000 315 1.000000 428 2.000000 429 2.000000 -1
138 4.000000 139 1.000000 311 4.000000 365 3.000000 369 1.000000 376 3.000000 377 3.000000 -1
80 3.000000 164 1.000000 240 1.000000 312 3.000000 321 2.000000 414 3.000000 417 1.000000 418 1.000000 -1
110 2.000000 153 1.000000 228 1.000000 313 2.000000 -1
19 1.000000 84 1.000000 203 1.000000 204 2.000000 230 3.000000 260 1.000000 268 3.000000 272 1.000000 314 4.000000 327 1.000000 394 1.000000 428 1.000000 -1
196 1.000000 200 1.000000 219 3.000000 307 1.000000 310 1.000000 315 5.000000 316 2.000000 391 2.000000 406 1.000000 428 1.000000 429 3.000000 -1
219 1.000000 315 2.000000 316 2.000000 391 1.000000 429 1.000000 -1
41 3.000000 171 1.000000 221 1.000000 222 1.000000 317 7.000000 318 2.000000 319 2.000000 320 2.000000 331 2.000000 336 3.000000 337 1.000000 427 1.000000 -1
41 1.000000 317 2.000000 318 2.000000 319 1.000000 320 1.000000 331 1.000000 336 1.000000 -1
41 1.000000 317 2.000000 318 1.000000 319 2.000000 320 1.000000 331 1.000000 336 1.000000 -1
41 1.000000 317 2.000000 318 1.000000 319 1.000000 320 2.000000 331 1.000000 336 1.000000 -1
80 3.000000 164 1.000000 240 1.000000 312 2.000000 321 3.000000 414 3.000000 417 1.000000 418 1.000000 -1
164 1.000000 181 2.000000 235 2.000000 305 1.000000 322 3.000000 410 1.000000 433 1.000000 -1
36 1.000000 57 1.000000 94 2.000000 250 1.000000 323 5.000000 324 1.000000 325 2.000000 339 1.000000 347 1.000000 348 2.000000 349 1.000000 399 2.000000 403 1.000000 -1
250 1.000000 323 1.000000 324 3.000000 325 2.000000 339 1.000000 351 1.000000 352 1.000000 354 2.000000 415 1.000000 439 1.000000 -1
45 1.000000 66 1.000000 73 1.000000 94 1.000000 178 1.000000 247 1.000000 248 1.000000 249 1.000000 250 2.000000 323 2.000000 324 2.000000 325 5.000000 338 1.000000 339 2.000000 348 1.000000 354 1.000000 399 1.000000 436 1.000000 -1
72 3.000000 73 1.000000 100 3.000000 101 1.000000 102 1.000000 169 1.000000 172 1.000000 221 2.000000 222 1.000000 264 1.000000 326 4.000000 430 4.000000 -1
230 3.000000 260 3.000000 261 1.000000 268 1.000000 314 1.000000 327 3.000000 -1
11 1.000000 44 1.000000 104 1.000000 107 1.000000 108 2.000000 109 1.000000 209 2.000000 244 2.000000 246 2.000000 255 2.000000 328 9.000000 342 2.000000 343 2.000000 344 2.000000 345 2.000000 362 1.000000 396 1.000000 434 2.000000 -1
12 1.000000 30 1.000000 119 1.000000 177 2.000000 178 1.000000 179 1.000000 216 1.000000 227 1.000000 267 1.000000 329 4.000000 330 2.000000 338 1.000000 349 1.000000 401 2.000000 -1
177 1.000000 329 2.000000 330 2.000000 401 1.000000 -1
41 1.000000 93 1.000000 171 2.000000 317 2.000000 318 1.000000 319 1.000000 320 1.000000 331 3.000000 336 1.000000 -1
332 3.000000 335 2.000000 372 1.000000 384 2.000000 -1
40 1.000000 333 3.000000 334 2.000000 382 2.000000 383 1.000000 387 1.000000 -1
333 2.000000 334 2.000000 382 1.000000 -1
332 2.000000 335 2.000000 384 1.000000 -1
41 3.000000 185 1.000000 200 1.000000 220 1.000000 221 1.000000 222 1.000000 317 3.000000 318 1.000000 319 1.000000 320 1.000000 331 1.000000 336 5.000000 337 2.000000 427 2.000000 -1
41 1.000000 92 1.000000 196 1.000000 199 1.000000 200 3.000000 220 3.000000 221 1.000000 222 1.000000 224 1.000000 317 1.000000 336 2.000000 337 4.000000 426 1.000000 427 1.000000 429 1.000000 -1
12 1.000000 30 1.000000 45 1.000000 57 1.000000 66 1.000000 118 1.000000 119 2.000000 177 2.000000 178 1.000000 179 1.000000 227 1.000000 251 1.000000 267 1.000000 282 1.000000 285 1.000000 325 1.000000 329 1.000000 338 7.000000 339 2.000000 340 2.000000 341 2.000000 348 1.000000 349 1.000000 393 1.000000 401 1.000000 402 1.000000 403 2.000000 -1
44 1.000000 45 3.000000 46 1.000000 47 1.000000 48 1.000000 49 1.000000 62 1.000000 63 1.000000 64 1.000000 66 3.000000 119 1.000000 177 1.000000 250 1.000000 323 1.000000 324 1.000000 325 2.000000 338 2.000000 339 5.000000 340 1.000000 341 1.000000 363 1.000000 403 1.000000 -1
119 1.000000 177 1.000000 218 1.000000 228 1.000000 251 2.000000 282 2.000000 338 2.000000 339 1.000000 340 4.000000 341 1.000000 403 1.000000 404 1.000000 -1
119 1.000000 177 1.000000 218 1.000000 285 2.000000 297 1.000000 338 2.000000 339 1.000000 340 1.000000 341 4.000000 393 2.000000 403 1.000000 404 1.000000 -1
108 1.000000 209 1.000000 244 1.000000 255 1.000000 328 2.000000 342 2.000000 343 1.000000 344 1.000000 345 1.000000 -1
108 1.000000 209 1.000000 244 1.000000 255 1.000000 328 2.000000 342 1.000000 343 2.000000 344 1.000000 345 1.000000 -1
108 1.000000 209 1.000000 244 1.000000 255 1.000000 328 2.000000 342 1.000000 343 1.000000 344 2.000000 345 1.000000 -1
108 1.000000 209 1.000000 244 1.000000 255 1.000000 328 2.000000 342 1.000000 343 1.000000 344 1.000000 345 2.000000 -1
77 1.000000 164 2.000000 165 1.000000 167 1.000000 235 2.000000 346 3.000000 353 1.000000 407 1.000000 410 2.000000 414 1.000000 -1
59 1.000000 257 2.000000 323 1.000000 347 3.000000 348 2.000000 403 1.000000 408 1.000000 -1
57 1.000000 94 1.000000 257 1.000000 323 2.000000 325 1.000000 338 1.000000 347 2.000000 348 4.000000 399 1.000000 402 1.000000 403 2.000000 -1
12 1.000000 18 1.000000 30 1.000000 31 1.000000 35 1.000000 36 1.000000 113 1.000000 115 2.000000 177 2.000000 178 1.000000 179 1.000000 186 1.000000 206 2.000000 227 1.000000 267 1.000000 323 1.000000 329 1.000000 338 1.000000 349 6.000000 399 2.000000 431 2.000000 -1
11 2.000000 17 1.000000 108 2.000000 244 1.000000 350 3.000000 434 2.000000 -1
1 1.000000 77 1.000000 79 1.000000 164 1.000000 281 1.000000 324 1.000000 351 4.000000 352 2.000000 353 2.000000 354 2.000000 357 2.000000 388 1.000000 415 1.000000 439 1.000000 -1
1 1.000000 77 1.000000 79 1.000000 164 1.000000 281 1.000000 324 1.000000 351 2.000000 352 4.000000 353 2.000000 354 2.000000 358 2.000000 388 1.000000 415 1.000000 439 1.000000 -1
1 3.000000 77 3.000000 79 3.000000 164 3.000000 165 1.000000 167 1.000000 235 1.000000 281 4.000000 346 1.000000 351 2.000000 352 2.000000 353 9.000000 354 2.000000 355 1.000000 356 1.000000 357 1.000000 358 1.000000 388 2.000000 414 1.000000 -1
24 1.000000 126 1.000000 324 2.000000 325 1.000000 351 2.000000 352 2.000000 353 2.000000 354 6.000000 357 1.000000 358 1.000000 415 2.000000 417 1.000000 418 1.000000 436 1.000000 439 2.000000 -1
353 1.000000 355 2.000000 356 1.000000 388 2.000000 -1
353 1.000000 355 1.000000 356 2.000000 388 2.000000 -1
351 2.000000 353 1.000000 354 1.000000 357 2.000000 -1
352 2.000000 353 1.000000 354 1.000000 358 2.000000 -1
126 1.000000 209 1.000000 359 2.000000 360 1.000000 362 2.000000 363 1.000000 -1
126 1.000000 209 1.000000 359 1.000000 360 2.000000 362 2.000000 363 1.000000 -1
255 1.000000 361 2.000000 396 2.000000 -1
66 1.000000 125 1.000000 126 2.000000 141 1.000000 201 1.000000 209 2.000000 328 1.000000 359 2.000000 360 2.000000 362 6.000000 363 2.000000 415 1.000000 -1
45 1.000000 62 1.000000 63 1.000000 64 1.000000 66 2.000000 126 1.000000 209 1.000000 339 1.000000 359 1.000000 360 1.000000 362 2.000000 363 3.000000 -1
13 1.000000 25 1.000000 26 3.000000 202 3.000000 272 1.000000 299 1.000000 364 3.000000 424 2.000000 -1
116 1.000000 138 4.000000 139 1.000000 311 3.000000 365 4.000000 374 1.000000 376 3.000000 377 3.000000 -1
122 2.000000 366 5.000000 367 2.000000 368 1.000000 369 2.000000 370 2.000000 371 1.000000 372 1.000000 376 1.000000 385 1.000000 397 2.000000 425 1.000000 -1
122 1.000000 147 1.000000 366 2.000000 367 3.000000 369 1.000000 370 1.000000 425 2.000000 426 1.000000 -1
200 1.000000 208 1.000000 307 1.000000 366 1.000000 368 3.000000 369 2.000000 375 1.000000 376 1.000000 425 1.000000 426 2.000000 -1
122 1.000000 138 1.000000 311 1.000000 366 2.000000 367 1.000000 368 2.000000 369 4.000000 370 1.000000 376 2.000000 377 1.000000 426 1.000000 -1
122 2.000000 128 1.000000 129 1.000000 131 1.000000 366 2.000000 367 1.000000 369 1.000000 370 5.000000 371 2.000000 385 2.000000 397 2.000000 -1
129 2.000000 130 1.000000 366 1.000000 370 2.000000 371 3.000000 385 1.000000 397 1.000000 -1
122 2.000000 332 1.000000 366 1.000000 372 5.000000 378 2.000000 380 1.000000 382 1.000000 383 2.000000 384 2.000000 386 1.000000 397 1.000000 -1
116 1.000000 373 3.000000 374 2.000000 375 1.000000 377 1.000000 378 1.000000 379 2.000000 380 2.000000 405 1.000000 420 1.000000 -1
116 3.000000 138 1.000000 306 2.000000 365 1.000000 373 2.000000 374 8.000000 375 2.000000 376 1.000000 377 3.000000 379 2.000000 380 2.000000 405 2.000000 406 1.000000 419 1.000000 420 2.000000 426 1.000000 -1
116 1.000000 200 1.000000 208 1.000000 307 1.000000 368 1.000000 373 1.000000 374 2.000000 375 3.000000 377 1.000000 379 1.000000 405 1.000000 420 1.000000 425 1.000000 426 2.000000 -1
116 1.000000 138 4.000000 139 1.000000 311 3.000000 365 3.000000 366 1.000000 368 1.000000 369 2.000000 374 1.000000 376 5.000000 377 3.000000 -1
116 3.000000 138 4.000000 139 1.000000 311 3.000000 365 3.000000 369 1.000000 373 1.000000 374 3.000000 375 1.000000 376 3.000000 377 6.000000 379 1.000000 405 1.000000 420 1.000000 -1
122 1.000000 372 2.000000 373 1.000000 378 3.000000 379 1.000000 380 2.000000 383 1.000000 384 1.000000 -1
116 1.000000 373 2.000000 374 2.000000 375 1.000000 377 1.000000 378 1.000000 379 3.000000 380 2.000000 405 1.000000 420 1.000000 -1
372 1.000000 373 2.000000 374 2.000000 378 2.000000 379 2.000000 380 4.000000 -1
37 2.000000 133 1.000000 306 3.000000 307 1.000000 381 3.000000 382 1.000000 386 1.000000 387 3.000000 395 1.000000 405 1.000000 420 1.000000 -1
37 1.000000 40 2.000000 306 1.000000 333 2.000000 334 1.000000 372 1.000000 381 1.000000 382 5.000000 383 2.000000 386 2.000000 387 2.000000 -1
40 1.000000 122 1.000000 333 1.000000 372 2.000000 378 1.000000 382 2.000000 383 4.000000 384 1.000000 386 2.000000 387 2.000000 -1
122 1.000000 332 2.000000 335 1.000000 372 2.000000 378 1.000000 383 1.000000 384 3.000000 -1
131 2.000000 366 1.000000 370 2.000000 371 1.000000 385 3.000000 397 1.000000 -1
37 1.000000 306 1.000000 372 1.000000 381 1.000000 382 2.000000 383 2.000000 386 3.000000 387 2.000000 -1
37 3.000000 38 1.000000 40 1.000000 133 2.000000 306 4.000000 307 1.000000 333 1.000000 381 3.000000 382 2.000000 383 2.000000 386 2.000000 387 6.000000 395 2.000000 405 1.000000 420 1.000000 -1
1 1.000000 77 1.000000 79 1.000000 164 1.000000 281 1.000000 351 1.000000 352 1.000000 353 2.000000 355 2.000000 356 2.000000 388 4.000000 -1
118 2.000000 119 1.000000 153 1.000000 234 1.000000 389 2.000000 -1
2 1.000000 31 1.000000 88 1.000000 132 1.000000 186 1.000000 188 3.000000 190 1.000000 227 1.000000 259 1.000000 283 1.000000 284 1.000000 286 1.000000 390 3.000000 435 3.000000 436 1.000000 -1
219 1.000000 306 1.000000 307 2.000000 315 2.000000 316 1.000000 391 4.000000 405 1.000000 406 2.000000 426 1.000000 429 1.000000 -1
32 1.000000 194 2.000000 213 1.000000 229 2.000000 258 2.000000 289 1.000000 392 4.000000 412 1.000000 -1
232 1.000000 251 1.000000 285 1.000000 297 2.000000 338 1.000000 341 2.000000 393 4.000000 404 2.000000 -1
19 1.000000 37 1.000000 84 3.000000 120 1.000000 121 2.000000 214 1.000000 230 1.000000 268 3.000000 272 1.000000 306 1.000000 314 1.000000 394 5.000000 395 2.000000 428 2.000000 -1
37 3.000000 38 1.000000 84 1.000000 121 1.000000 133 2.000000 268 1.000000 306 3.000000 307 1.000000 381 1.000000 387 2.000000 394 2.000000 395 4.000000 405 1.000000 420 1.000000 -1
246 1.000000 255 2.000000 328 1.000000 361 2.000000 396 3.000000 -1
122 2.000000 128 2.000000 366 2.000000 370 2.000000 371 1.000000 372 1.000000 385 1.000000 397 4.000000 -1
147 1.000000 148 3.000000 207 3.000000 208 1.000000 211 1.000000 398 3.000000 -1
94 1.000000 115 1.000000 177 1.000000 206 1.000000 323 2.000000 325 1.000000 348 1.000000 349 2.000000 399 3.000000 431 1.000000 -1
22 2.000000 23 1.000000 205 2.000000 400 3.000000 408 1.000000 -1
61 1.000000 118 1.000000 119 2.000000 177 1.000000 215 1.000000 216 2.000000 283 1.000000 329 2.000000 330 1.000000 338 1.000000 401 4.000000 -1
57 1.000000 137 2.000000 174 2.000000 232 1.000000 301 1.000000 338 1.000000 348 1.000000 402 4.000000 403 2.000000 -1
57 2.000000 94 1.000000 119 1.000000 137 1.000000 174 1.000000 177 1.000000 323 1.000000 338 2.000000 339 1.000000 340 1.000000 341 1.000000 347 1.000000 348 2.000000 402 2.000000 403 5.000000 -1
251 2.000000 297 1.000000 340 1.000000 341 1.000000 393 2.000000 404 3.000000 -1
37 1.000000 116 1.000000 133 1.000000 306 2.000000 307 1.000000 373 1.000000 374 2.000000 375 1.000000 377 1.000000 379 1.000000 381 1.000000 387 1.000000 391 1.000000 395 1.000000 405 4.000000 406 2.000000 420 2.000000 -1
306 1.000000 307 1.000000 315 1.000000 374 1.000000 391 2.000000 405 2.000000 406 3.000000 -1
74 1.000000 235 1.000000 346 1.000000 407 4.000000 409 2.000000 410 2.000000 411 2.000000 -1
59 1.000000 65 1.000000 205 2.000000 245 2.000000 257 2.000000 347 1.000000 400 1.000000 408 4.000000 -1
407 2.000000 409 2.000000 410 1.000000 411 1.000000 -1
164 2.000000 235 2.000000 322 1.000000 346 2.000000 407 2.000000 409 1.000000 410 4.000000 411 1.000000 433 1.000000 -1
74 2.000000 75 1.000000 165 1.000000 407 2.000000 409 1.000000 410 1.000000 411 3.000000 -1
32 1.000000 70 2.000000 194 2.000000 286 1.000000 392 1.000000 412 3.000000 -1
413 2.000000 414 1.000000 415 1.000000 417 2.000000 -1
77 1.000000 80 4.000000 164 2.000000 165 1.000000 167 1.000000 235 1.000000 240 1.000000 312 3.000000 321 3.000000 346 1.000000 353 1.000000 413 1.000000 414 7.000000 415 2.000000 416 1.000000 417 2.000000 418 2.000000 -1
23 1.000000 24 2.000000 125 1.000000 126 2.000000 141 1.000000 201 1.000000 324 1.000000 351 1.000000 352 1.000000 354 2.000000 362 1.000000 413 1.000000 414 2.000000 415 6.000000 416 1.000000 417 2.000000 418 2.000000 439 1.000000 -1
414 1.000000 415 1.000000 416 2.000000 418 2.000000 -1
24 1.000000 80 1.000000 126 1.000000 164 1.000000 312 1.000000 321 1.000000 354 1.000000 413 2.000000 414 2.000000 415 2.000000 417 4.000000 418 2.000000 -1
24 1.000000 80 1.000000 126 1.000000 164 1.000000 312 1.000000 321 1.000000 354 1.000000 414 2.000000 415 2.000000 416 2.000000 417 2.000000 418 4.000000 -1
306 1.000000 374 1.000000 419 4.000000 420 2.000000 421 2.000000 422 2.000000 -1
37 1.000000 116 1.000000 133 1.000000 306 2.000000 307 1.000000 373 1.000000 374 2.000000 375 1.000000 377 1.000000 379 1.000000 381 1.000000 387 1.000000 395 1.000000 405 2.000000 419 2.000000 420 4.000000 421 1.000000 422 1.000000 -1
419 2.000000 420 1.000000 421 2.000000 422 1.000000 -1
419 2.000000 420 1.000000 421 1.000000 422 2.000000 -1
53 2.000000 184 1.000000 296 1.000000 423 3.000000 438 2.000000 -1
13 1.000000 25 1.000000 26 4.000000 202 3.000000 272 1.000000 299 3.000000 364 2.000000 424 4.000000 -1
147 2.000000 148 1.000000 154 1.000000 200 1.000000 208 1.000000 307 1.000000 366 1.000000 367 2.000000 368 1.000000 375 1.000000 425 4.000000 426 2.000000 -1
92 2.000000 147 1.000000 196 1.000000 199 1.000000 200 2.000000 207 1.000000 208 2.000000 220 1.000000 224 1.000000 236 1.000000 306 1.000000 307 2.000000 337 1.000000 367 1.000000 368 2.000000 369 1.000000 374 1.000000 375 2.000000 391 1.000000 425 2.000000 426 7.000000 429 1.000000 -1
20 1.000000 41 1.000000 185 2.000000 317 1.000000 336 2.000000 337 1.000000 427 3.000000 -1
13 2.000000 19 1.000000 84 1.000000 120 1.000000 121 2.000000 182 1.000000 196 1.000000 200 1.000000 202 1.000000 214 1.000000 219 1.000000 230 1.000000 268 2.000000 272 1.000000 309 2.000000 310 2.000000 314 1.000000 315 1.000000 394 2.000000 428 6.000000 429 2.000000 -1
13 1.000000 92 1.000000 121 1.000000 195 1.000000 196 3.000000 199 1.000000 200 3.000000 219 3.000000 220 1.000000 224 1.000000 268 1.000000 309 2.000000 310 2.000000 315 3.000000 316 1.000000 337 1.000000 391 1.000000 426 1.000000 428 2.000000 429 7.000000 -1
41 2.000000 72 3.000000 73 1.000000 100 4.000000 101 1.000000 102 1.000000 169 1.000000 172 3.000000 220 2.000000 221 4.000000 222 2.000000 256 1.000000 264 2.000000 326 4.000000 430 7.000000 432 1.000000 -1
36 2.000000 94 1.000000 115 1.000000 177 1.000000 206 1.000000 349 2.000000 399 1.000000 431 3.000000 -1
10 1.000000 39 2.000000 41 1.000000 84 1.000000 100 1.000000 172 1.000000 193 1.000000 214 2.000000 220 1.000000 221 3.000000 256 3.000000 264 1.000000 309 1.000000 430 1.000000 432 4.000000 -1
164 1.000000 181 1.000000 235 2.000000 240 1.000000 305 2.000000 322 1.000000 410 1.000000 433 3.000000 -1
11 2.000000 17 2.000000 28 1.000000 44 1.000000 104 1.000000 107 1.000000 108 2.000000 109 1.000000 244 2.000000 246 1.000000 328 2.000000 350 2.000000 434 5.000000 -1
2 2.000000 3 1.000000 30 1.000000 31 1.000000 70 1.000000 88 2.000000 117 1.000000 132 1.000000 186 1.000000 188 3.000000 190 1.000000 192 1.000000 216 1.000000 223 1.000000 227 1.000000 236 1.000000 250 1.000000 259 1.000000 283 3.000000 284 3.000000 286 2.000000 289 2.000000 296 1.000000 390 3.000000 435 9.000000 436 2.000000 437 1.000000 439 1.000000 -1
2 1.000000 73 1.000000 88 1.000000 92 1.000000 109 1.000000 178 1.000000 188 1.000000 208 1.000000 223 3.000000 236 3.000000 237 1.000000 238 1.000000 239 1.000000 247 1.000000 248 1.000000 249 1.000000 250 2.000000 283 1.000000 284 1.000000 286 1.000000 325 1.000000 354 1.000000 390 1.000000 435 2.000000 436 6.000000 439 2.000000 -1
2 2.000000 3 1.000000 12 1.000000 188 1.000000 259 2.000000 435 1.000000 437 3.000000 -1
53 1.000000 283 1.000000 296 2.000000 298 1.000000 423 2.000000 438 3.000000 -1
223 1.000000 236 1.000000 250 1.000000 324 1.000000 351 1.000000 352 1.000000 354 2.000000 415 1.000000 435 1.000000 436 2.000000 439 3.000000 -1
90 1.000000 175 1.000000 287 1.000000 288 2.000000 440 3.000000 442 2.000000 443 1.000000 -1
17 1.000000 28 2.000000 201 1.000000 241 1.000000 308 1.000000 441 2.000000 -1
114 1.000000 288 1.000000 440 2.000000 442 3.000000 443 2.000000 -1
112 1.000000 114 2.000000 440 1.000000 442 2.000000 443 3.000000 -1
